1 4 1 16 1 4 1 64 1 4 1 16 1 4 1 256 1 4 1 16 1 4 1 64 1 4 1 16 1 4 1
1 4 1 16 1 4 1 64 1 4 1 16 1 4 1 256 1 4 1 16 1 4 1 64 1 4 1 16 1 4 1
1 4 1 16 1 4 1 64 1 4 1 16 1 4 1 256 1 4 1 16 1 4 1 64 1 4 1 16 1 4 1
1 4 1 16 1 4 1 64 1 4 1 16 1 4 1 256 1 4 1 16 1 4 1 64 1 4 1 16 1 4 1
1 4 1 16 1 4 1 64 1 4 1 16 1 4 1 256 1 4 1 16 1 4 1 64 1 4 1 16 1 4 1
1 4 1 16 1 4 1 64 1 4 1 16 1 4 1 256 1 4 1 16 1 4 1 64 1 4 1 16 1 4 1
1 4 1 16 1 4 1 64 1 4 1 16 1 4 1 256 1 4 1 16 1 4 1 64 1 4 1 16 1 4 1
1 4 1 16 1 4 1 64 1 4 1 16 1 4 1 256 1 4 1 16 1 4 1 64 1 4 1 16 1 4 1
1 4 1 16 1 4 1 64 1 4 1 16 1 4 1 256 1 4 1 16 1 4 1 64 1 4 1 16 1 4 1
1 4 1 16 1 4 1 64 1 4 1 16 1 4 1 256 1 4 1 16 1 4 1 64 1 4 1 16 1 4 1
1 4 1 16 1 4 1 64 1 4 1 16 1 4 1 256 1 4 1 16 1 4 1 64 1 4 1 16 1 4 1
1 4 1 16 1 4 1 64 1 4 1 16 1 4 1 256 1 4 1 16 1 4 1 64 1 4 1 16 1 4 1
1 4 1 16 1 4 1 64 1 4 1 16 1 4 1 256 1 4 1 16 1 4 1 64 1 4 1 16 1 4 1
1 4 1 16 1 4 1 64 1 4 1 16 1 4 1 256 1 4 1 16 1 4 1 64 1 4 1 16 1 4 1
1 4 1 16 1 4 1 64 1 4 1 16 1 4 1 256 1 4 1 16 1 4 1 64 1 4 1 16 1 4 1
1 4 1 16 1 4 1 64 1 4 1 16 1 4 1 256 1 4 1 16 1 4 1 64 1 4 1 16 1 4 1
1 4 1 16 1 4 1 64 1 4 1 16 1 4 1 256 1 4 1 16 1 4 1 64 1 4 1 16 1 4 1
1 4 1 16 1 4 1 64 1 4 1 16 1 4 1 256 1 4 1 16 1 4 1 64 1 4 1 16 1 4 1
1 4 1 16 1 4 1 64 1 4 1 16 1 4 1 256 1 4 1 16 1 4 1 64 1 4 1 16 1 4 1
1 4 1 16 1 4 1 64 1 4 1 16 1 4 1 256 1 4 1 16 1 4 1 64 1 4 1 16 1 4 1
1 4 1 16 1 4 1 64 1 4 1 16 1 4 1 256 1 4 1 16 1 4 1 64 1 4 1 16 1 4 1
1 4 1 16 1 4 1 64 1 4 1 16 1 4 1 256 1 4 1 16 1 4 1 64 1 4 1 16 1 4 1
1 4 1 16 1 4 1 64 1 4 1 16 1 4 1 256 1 4 1 16 1 4 1 64 1 4 1 16 1 4 1
1 4 1 16 1 4 1 64 1 4 1 16 1 4 1 256 1 4 1 16 1 4 1 64 1 4 1 16 1 4 1
1 4 1 16 1 4 1 64 1 4 1 16 1 4 1 256 1 4 1 16 1 4 1 64 1 4 1 16 1 4 1
1 4 1 16 1 4 1 64 1 4 1 16 1 4 1 256 1 4 1 16 1 4 1 64 1 4 1 16 1 4 1
1 4 1 16 1 4 1 64 1 4 1 16 1 4 1 256 1 4 1 16 1 4 1 64 1 4 1 16 1 4 1
1 4 1 16 1 4 1 64 1 4 1 16 1 4 1 256 1 4 1 16 1 4 1 64 1 4 1 16 1 4 1
1 4 1 16 1 4 1 64 1 4 1 16 1 4 1 256 1 4 1 16 1 4 1 64 1 4 1 16 1 4 1
1 4 1 16 1 4 1 64 1 4 1 16 1 4 1 256 1 4 1 16 1 4 1 64 1 4 1 16 1 4 1
1 4 1 16 1 4 1 64 1 4 1 16 1 4 1 256 1 4 1 16 1 4 1 64 1 4 1 16 1 4 1
1 4 1 16 1 4 1 64 1 4 1 16 1 4 1 256 1 4 1 16 1 4 1 64 1 4 1 16 1 4 1
2 2 2 2 2 2 2 2 2 2 2 2 2 2 2 2 2 2 2 2 2 2 2 2 2 2 2 2 2 2 2 2
8 8 8 8 8 8 8 8 8 8 8 8 8 8 8 8 8 8 8 8 8 8 8 8 8 8 8 8 8 8 8 8
2 2 2 2 2 2 2 2 2 2 2 2 2 2 2 2 2 2 2 2 2 2 2 2 2 2 2 2 2 2 2 2
32 32 32 32 32 32 32 32 32 32 32 32 32 32 32 32 32 32 32 32 32 32 32 32 32 32 32 32 32 32 32 32
2 2 2 2 2 2 2 2 2 2 2 2 2 2 2 2 2 2 2 2 2 2 2 2 2 2 2 2 2 2 2 2
8 8 8 8 8 8 8 8 8 8 8 8 8 8 8 8 8 8 8 8 8 8 8 8 8 8 8 8 8 8 8 8
2 2 2 2 2 2 2 2 2 2 2 2 2 2 2 2 2 2 2 2 2 2 2 2 2 2 2 2 2 2 2 2
128 128 128 128 128 128 128 128 128 128 128 128 128 128 128 128 128 128 128 128 128 128 128 128 128 128 128 128 128 128 128 128
2 2 2 2 2 2 2 2 2 2 2 2 2 2 2 2 2 2 2 2 2 2 2 2 2 2 2 2 2 2 2 2
8 8 8 8 8 8 8 8 8 8 8 8 8 8 8 8 8 8 8 8 8 8 8 8 8 8 8 8 8 8 8 8
2 2 2 2 2 2 2 2 2 2 2 2 2 2 2 2 2 2 2 2 2 2 2 2 2 2 2 2 2 2 2 2
32 32 32 32 32 32 32 32 32 32 32 32 32 32 32 32 32 32 32 32 32 32 32 32 32 32 32 32 32 32 32 32
2 2 2 2 2 2 2 2 2 2 2 2 2 2 2 2 2 2 2 2 2 2 2 2 2 2 2 2 2 2 2 2
8 8 8 8 8 8 8 8 8 8 8 8 8 8 8 8 8 8 8 8 8 8 8 8 8 8 8 8 8 8 8 8
2 2 2 2 2 2 2 2 2 2 2 2 2 2 2 2 2 2 2 2 2 2 2 2 2 2 2 2 2 2 2 2
512 512 512 512 512 512 512 512 512 512 512 512 512 512 512 512 512 512 512 512 512 512 512 512 512 512 512 512 512 512 512 512
2 2 2 2 2 2 2 2 2 2 2 2 2 2 2 2 2 2 2 2 2 2 2 2 2 2 2 2 2 2 2 2
8 8 8 8 8 8 8 8 8 8 8 8 8 8 8 8 8 8 8 8 8 8 8 8 8 8 8 8 8 8 8 8
2 2 2 2 2 2 2 2 2 2 2 2 2 2 2 2 2 2 2 2 2 2 2 2 2 2 2 2 2 2 2 2
32 32 32 32 32 32 32 32 32 32 32 32 32 32 32 32 32 32 32 32 32 32 32 32 32 32 32 32 32 32 32 32
2 2 2 2 2 2 2 2 2 2 2 2 2 2 2 2 2 2 2 2 2 2 2 2 2 2 2 2 2 2 2 2
8 8 8 8 8 8 8 8 8 8 8 8 8 8 8 8 8 8 8 8 8 8 8 8 8 8 8 8 8 8 8 8
2 2 2 2 2 2 2 2 2 2 2 2 2 2 2 2 2 2 2 2 2 2 2 2 2 2 2 2 2 2 2 2
128 128 128 128 128 128 128 128 128 128 128 128 128 128 128 128 128 128 128 128 128 128 128 128 128 128 128 128 128 128 128 128
2 2 2 2 2 2 2 2 2 2 2 2 2 2 2 2 2 2 2 2 2 2 2 2 2 2 2 2 2 2 2 2
8 8 8 8 8 8 8 8 8 8 8 8 8 8 8 8 8 8 8 8 8 8 8 8 8 8 8 8 8 8 8 8
2 2 2 2 2 2 2 2 2 2 2 2 2 2 2 2 2 2 2 2 2 2 2 2 2 2 2 2 2 2 2 2
32 32 32 32 32 32 32 32 32 32 32 32 32 32 32 32 32 32 32 32 32 32 32 32 32 32 32 32 32 32 32 32
2 2 2 2 2 2 2 2 2 2 2 2 2 2 2 2 2 2 2 2 2 2 2 2 2 2 2 2 2 2 2 2
8 8 8 8 8 8 8 8 8 8 8 8 8 8 8 8 8 8 8 8 8 8 8 8 8 8 8 8 8 8 8 8
2 2 2 2 2 2 2 2 2 2 2 2 2 2 2 2 2 2 2 2 2 2 2 2 2 2 2 2 2 2 2 2
